{
  "advancedEditorSelectedIdentifier" : "ProjectBrowser",
  "openSceneRelativePaths" : [
    "Immersive.usda",
    "Scene.usda"
  ],
  "recentIdentifiers" : {
    "D66134B1-3681-4A8E-AFE5-29F257229F3B" : [

    ]
  },
  "sceneCameraHistory" : {
    "D66134B1-3681-4A8E-AFE5-29F257229F3B" : [
      {
        "date" : 773855773.676913,
        "title" : "Untitled",
        "transform" : [
          1,
          0,
          0,
          0,
          0,
          1,
          0,
          0,
          0,
          0,
          1,
          0,
          -0.009319484,
          0.06809378,
          0.19332993,
          1
        ]
      },
      {
        "date" : 773855765.281304,
        "title" : "Untitled",
        "transform" : [
          0.99516284,
          1.3369404e-08,
          -0.09823883,
          0,
          -0.098179005,
          0.03489968,
          -0.99455667,
          0,
          0.0034284852,
          0.99939084,
          0.0347308,
          0,
          -1.8390471,
          -117.82942,
          -119.830414,
          1
        ]
      },
      {
        "date" : 773855745.094455,
        "title" : "Untitled",
        "transform" : [
          0.99516296,
          1.3369405e-08,
          -0.09823885,
          0,
          -0.098179005,
          0.034899563,
          -0.99455667,
          0,
          0.0034284736,
          0.99939084,
          0.03473068,
          0,
          -2.1048133,
          -117.82057,
          -120.05881,
          1
        ]
      },
      {
        "date" : 773855739.495407,
        "title" : "Untitled",
        "transform" : [
          0.998056,
          1.3545593e-08,
          -0.062324233,
          0,
          -0.061261173,
          0.18391047,
          -0.98103213,
          0,
          0.0114620635,
          0.98294306,
          0.18355288,
          0,
          -2.0957375,
          -117.94001,
          -120.01793,
          1
        ]
      },
      {
        "date" : 773855735.863998,
        "title" : "Untitled",
        "transform" : [
          0.99805593,
          7.20554e-09,
          -0.062324237,
          0,
          -0.061261207,
          0.18391027,
          -0.98103213,
          0,
          0.011462091,
          0.982943,
          0.18355265,
          0,
          -3.2430425,
          19.147911,
          6.684662,
          1
        ]
      },
      {
        "date" : 773855730.784932,
        "title" : "Untitled",
        "transform" : [
          0.99805593,
          7.20554e-09,
          -0.062324237,
          0,
          -0.061261207,
          0.18391027,
          -0.98103213,
          0,
          0.011462091,
          0.982943,
          0.18355265,
          0,
          -3.0919425,
          36.538483,
          -86.45304,
          1
        ]
      },
      {
        "date" : 773855725.23126,
        "title" : "Untitled",
        "transform" : [
          0.92957443,
          8.1536395e-09,
          -0.36863458,
          0,
          -0.31952658,
          0.49868357,
          -0.80574024,
          0,
          0.183832,
          0.8667841,
          0.46356344,
          0,
          3.3153422,
          32.220703,
          -76.044365,
          1
        ]
      },
      {
        "date" : 773855718.783842,
        "title" : "Untitled",
        "transform" : [
          0.92957443,
          8.1536395e-09,
          -0.36863458,
          0,
          -0.31952658,
          0.49868357,
          -0.80574024,
          0,
          0.183832,
          0.8667841,
          0.46356344,
          0,
          3.1082315,
          6.524192,
          -27.914162,
          1
        ]
      },
      {
        "date" : 773855715.955821,
        "title" : "Untitled",
        "transform" : [
          0.92957443,
          8.1536395e-09,
          -0.36863458,
          0,
          -0.31952658,
          0.49868357,
          -0.80574024,
          0,
          0.183832,
          0.8667841,
          0.46356344,
          0,
          8.551888,
          18.294964,
          -52.08224,
          1
        ]
      },
      {
        "date" : 773855707.662218,
        "title" : "Untitled",
        "transform" : [
          0.9998143,
          4.010463e-10,
          -0.019272218,
          0,
          -0.013747032,
          0.7008504,
          -0.7131758,
          0,
          0.0135069415,
          0.7133083,
          0.70072025,
          0,
          4.956766,
          15.055508,
          -47.07663,
          1
        ]
      }
    ]
  },
  "sceneViewportBackgroundColors" : {

  },
  "selectedSceneRelativePath" : "Scene.usda"
}