{
  "advancedEditorSelectedIdentifier" : "ProjectBrowser",
  "openSceneRelativePaths" : [
    "Untitled.usda",
    "tree1.usdc",
    "tree2.usdc",
    "tree3.usdc"
  ],
  "recentIdentifiers" : {

  },
  "sceneCameraHistory" : {
    "2394F2AE-AB75-4C58-9F0A-67A486833CD6" : [
      {
        "date" : 775450297.903697,
        "title" : "Untitled",
        "transform" : [
          0.9995102,
          -5.699321e-10,
          0.031292316,
          0,
          0.00019017774,
          0.9999816,
          -0.0060744775,
          0,
          -0.03129174,
          0.0060774814,
          0.9994919,
          0,
          -0.08092982,
          0.015718246,
          2.5849857,
          1
        ]
      }
    ],
    "57C1B714-3E5F-4020-B63A-CC639764FD34" : [
      {
        "date" : 775455670.773607,
        "title" : "Untitled",
        "transform" : [
          0.80647117,
          -4.4511506e-10,
          0.59127337,
          0,
          0.123731256,
          0.9778595,
          -0.16876407,
          0,
          -0.5781823,
          0.20926236,
          0.7886156,
          0,
          -0.4204956,
          0.3169811,
          0.50477225,
          1
        ]
      },
      {
        "date" : 775455658.243184,
        "title" : "Untitled",
        "transform" : [
          0.80647117,
          -4.4511506e-10,
          0.59127337,
          0,
          0.123731256,
          0.9778595,
          -0.16876407,
          0,
          -0.5781823,
          0.20926236,
          0.7886156,
          0,
          -0.4045333,
          0.40470713,
          0.60330117,
          1
        ]
      },
      {
        "date" : 775455654.35193,
        "title" : "Untitled",
        "transform" : [
          0.80647117,
          -4.4511506e-10,
          0.59127337,
          0,
          0.123731256,
          0.9778595,
          -0.16876407,
          0,
          -0.5781823,
          0.20926236,
          0.7886156,
          0,
          -0.19898155,
          0.19906706,
          0.29675135,
          1
        ]
      },
      {
        "date" : 775452814.541599,
        "title" : "Untitled",
        "transform" : [
          0.80647117,
          8.581022e-09,
          0.59127337,
          0,
          0.1237313,
          0.97785956,
          -0.16876404,
          0,
          -0.57818246,
          0.20926236,
          0.7886155,
          0,
          -0.5503061,
          0.3161708,
          0.7527825,
          1
        ]
      },
      {
        "date" : 775452790.272424,
        "title" : "Untitled",
        "transform" : [
          0.80647117,
          8.581022e-09,
          0.59127337,
          0,
          0.1237313,
          0.97785956,
          -0.16876404,
          0,
          -0.57818246,
          0.20926236,
          0.7886155,
          0,
          -0.5478019,
          0.3152645,
          0.749367,
          1
        ]
      },
      {
        "date" : 775452769.977326,
        "title" : "Untitled",
        "transform" : [
          0.9997608,
          6.2927724e-10,
          -0.021870319,
          0,
          -0.010696651,
          0.8722309,
          -0.4889774,
          0,
          0.019075967,
          0.4890944,
          0.8720223,
          0,
          0.012344593,
          0.577218,
          0.8241237,
          1
        ]
      },
      {
        "date" : 775450329.313309,
        "title" : "Untitled",
        "transform" : [
          0.99976087,
          1.1256712e-09,
          -0.021870317,
          0,
          -0.004965871,
          0.9738808,
          -0.22700547,
          0,
          0.021299083,
          0.22705975,
          0.97364795,
          0,
          0.052608028,
          0.23583378,
          0.6168653,
          1
        ]
      },
      {
        "date" : 775450292.841298,
        "title" : "Untitled",
        "transform" : [
          0.99976087,
          1.1256712e-09,
          -0.021870317,
          0,
          -0.0049658716,
          0.97388095,
          -0.2270055,
          0,
          0.021299083,
          0.22705975,
          0.97364795,
          0,
          0.013956829,
          0.1487874,
          0.6380105,
          1
        ]
      },
      {
        "date" : 775450287.832098,
        "title" : "Untitled",
        "transform" : [
          0.9996482,
          -2.7975355e-10,
          -0.02652264,
          0,
          -0.023505332,
          0.46323326,
          -0.8859247,
          0,
          0.012286169,
          0.8862364,
          0.46307033,
          0,
          0.008050862,
          0.58073163,
          0.30343997,
          1
        ]
      }
    ],
    "6187CE4A-FCD9-489C-AE21-89825419EF3D" : [
      {
        "date" : 775452709.941224,
        "title" : "Untitled",
        "transform" : [
          1,
          0,
          0,
          0,
          0,
          0.7071069,
          -0.70710677,
          0,
          0,
          0.70710677,
          0.7071069,
          0,
          0,
          0.62311804,
          0.6231181,
          1
        ]
      }
    ],
    "6218ADD4-04B9-44C8-B09C-4BF7294CF294" : [
      {
        "date" : 775450190.347425,
        "title" : "Untitled",
        "transform" : [
          1,
          0,
          0,
          0,
          0,
          0.7071069,
          -0.70710677,
          0,
          0,
          0.70710677,
          0.7071069,
          0,
          0,
          0.22165796,
          0.22165798,
          1
        ]
      }
    ],
    "AF613D8A-DD89-4F5D-8890-F2B5B6C8DC0F" : [
      {
        "date" : 775450311.897233,
        "title" : "Untitled",
        "transform" : [
          0.90785366,
          -5.3706872e-11,
          0.41928732,
          0,
          0.29922324,
          0.7005052,
          -0.64788735,
          0,
          -0.29371294,
          0.7136473,
          0.63595617,
          0,
          -0.08949443,
          0.21744859,
          0.19377606,
          1
        ]
      }
    ],
    "ECCF8C8F-D518-46FB-8BF9-2C2271F8DD40" : [
      {
        "date" : 775450184.887704,
        "title" : "Untitled",
        "transform" : [
          1,
          0,
          0,
          0,
          0,
          0.7071069,
          -0.70710677,
          0,
          0,
          0.70710677,
          0.7071069,
          0,
          0,
          0.25190204,
          0.288903,
          1
        ]
      }
    ]
  },
  "sceneViewportBackgroundColors" : {

  },
  "selectedSceneRelativePath" : "tree3.usdc"
}